-10.568 100.852
13.5659 5.59572
17.7192 -32.1174
-41.6125 19.5524
4.69346 7.69343
-38.7305 -17.645
4.43097 9.39172
-32.3369 -3.28173
-1.70651 -19.766
13.0696 -18.927
27.1772 7.92272
0.469969 0.0264387
16.9467 1.54652
0.0735435 4.06629
22.0151 -2.86697
-11.9551 -0.391946
-11.6648 27.8912
-10.2671 6.73423
47.9958 -10.5169
-14.9752 7.29401
3.3929 10.2051
-25.6377 13.96
24.1076 10.1089
-5.44905 -8.56807
31.8974 -20.6913
56.2473 26.2719
14.7797 -13.7007
-2.24911 16.4581
-14.0979 0.23868
-13.0395 -2.06099
1.79906 -5.87877
-13.5493 -6.36928
30.4501 12.5238
26.799 18.2983
36.7711 -4.90173
1.38491 10.7135
-18.8602 -5.29149
-56.4667 1.90252
33.8515 7.31459
-26.0826 1.03784
16.376 2.60603
35.5615 -4.51915
28.8868 -22.9461
-13.1747 30.3002
49.4049 -17.2029
0.0137652 1.61811
-6.12969 -10.9262
-8.06849 -17.4136
-14.8592 17.2759
26.8647 5.11133
7.0376 -11.0655
-20.0549 -3.86004
20.0429 -15.9714
-31.3 20.6507
17.841 -8.75137
6.07864 24.5591
14.9571 5.37941
1.61331 26.2076
7.10687 -11.869
-13.5741 7.57936
7.49745 1.34851
-20.8575 4.94389
20.0403 -12.9546
-20.7103 -15.9126
15.832 53.0162
-25.8922 -8.33986
8.15082 -15.2164
24.5365 16.0467
-27.792 8.27939
-18.3498 -15.6976
8.8198 -12.3345
-16.2884 -26.8707
-4.19784 -60.7424
25.4751 -20.2509
20.2005 6.34301
10.9737 11.6306
-46.1503 4.15301
6.40719 -4.30598
-39.8314 -0.181287
-6.62545 2.84315
-53.1862 16.2351
-8.02189 7.26985
-19.8972 -22.3374
-0.834767 -8.35757
17.9012 1.64667
14.8438 -12.0817
2.6189 -13.8106
51.5255 -1.92485
16.2995 5.10092
-3.35489 14.379
-19.358 19.3724
-12.7883 13.4307
10.5073 -9.43531
-20.531 -1.59481
9.90434 1.2461
6.95815 15.2111
38.5845 6.79998
-3.73049 7.62667
-26.6703 6.14836
-7.62722 -16.5983
-5.46344 -22.6907
-16.155 -1.95697
8.73355 -1.94452
15.5642 4.6723
30.0734 9.46713
-29.7236 14.509
18.2739 -6.58217
35.9155 8.03364
-27.1887 -6.51487
-2.65715 12.3711
-9.54689 -8.35435
-20.5947 5.15565
9.97371 -13.9742
35.3485 -23.0975
16.1254 -13.8641
-27.5448 -18.4724
7.91735 7.12467
21.7275 -8.68464
-24.553 8.82223
14.4951 9.65849
-25.5536 14.4875
-3.21764 30.7771
-1.40409 1.43194
-2.76493 -20.5369
13.5552 -27.0544
14.1225 24.606
18.4973 -14.994
28.1335 -2.36715
11.152 11.3672
9.7207 5.1387
-9.03939 13.8031
-21.7602 15.8387
-41.0572 1.05316
-30.7057 14.0516
-16.6366 1.56475
-9.04806 18.7029
-24.4028 -19.2092
16.1211 -33.4652
4.90212 14.6176
25.662 -12.9651
-10.4256 -11.7697
12.1222 8.81809
-9.59951 -25.5729
-22.625 1.68615
-17.6656 13.3959
7.16646 8.23104
-17.8456 34.9833
38.8698 -6.64834
-7.94859 5.94207
-14.8671 -4.19633
-13.7161 10.0825
7.47017 7.97534
-19.2277 -3.75231
-1.20975 17.6413
-8.16617 8.20555
0.573999 -8.96651
10.0592 25.3798
13.9633 9.25214
-25.9837 18.1681
-19.0602 11.9815
